Script started on 2015年04月19日 (週日) 22時05分02秒
]0;F74036132@2015cpp: ~/SudokuF74036132@2015cpp:~/Sudoku$ ./give_question>test.txt
]0;F74036132@2015cpp: ~/SudokuF74036132@2015cpp:~/Sudoku$ ./solve<test.txt
1
9	4	8	2	5	3	7	6	1	-1	-1	-1	
5	3	7	1	9	6	4	2	8	-1	-1	-1	
6	2	1	7	8	4	5	3	9	-1	-1	-1	
-1	-1	-1	6	3	5	9	8	4	7	2	1	
-1	-1	-1	4	7	9	2	1	6	5	3	8	
-1	-1	-1	8	1	2	3	5	7	4	6	9	
2	7	4	3	6	8	-1	-1	-1	9	1	5	
3	1	5	9	4	7	-1	-1	-1	6	8	2	
8	6	9	5	2	1	-1	-1	-1	3	7	4	
4	8	2	-1	-1	-1	6	9	3	1	5	7	
1	9	3	-1	-1	-1	8	7	5	2	4	6	
7	5	6	-1	-1	-1	1	4	2	8	9	3	

]0;F74036132@2015cpp: ~/SudokuF74036132@2015cpp:~/Sudoku$ exit
exit

Script done on 2015年04月19日 (週日) 22時05分46秒
